as10 (2.95, -6.29) (6.8, -3.24) 
as10 (4.85, -3.19) (6.8, -1.34) 
as10:vessa (3.0, -3.19) (4.8, -0.99) 
as11 (6.85, 1.01) (8.85, 5.61) 
as11 (10.95, 2.61) (8.8, 5.56) 
as11:vessa (9.0, 0.41) (10.9, 2.56) 
as12 (6.85, -1.39) (9.75, -6.19) 
as12 (9.85, -3.04) (11.65, -1.04) 
as12:vessa (9.8, -6.19) (11.65, -3.09) 
as5 (-13.05, -6.24) (-10.05, -2.39) 
as5 (-10.25, -4.44) (-8.0, -3.29) 
as5 (-8.15, -3.24) (-10.1, -2.34) 
as5:vessa (-9.85, -6.29) (-7.8, -4.49) 
as6 (-5.0, 2.61) (-2.95, 5.56) 
as6 (-3.0, 0.86) (-1.2, 5.56) 
as6:vessa (-5.0, 0.46) (-3.25, 2.61) 
as7 (-1.05, 1.01) (0.95, 5.61) 
as7 (2.8, 2.66) (0.85, 5.61) 
as7:vessa (1.0, 0.31) (2.8, 2.66) 
as8 (-1.0, -6.29) (0.9, -1.54) 
as8 (0.85, -6.29) (2.8, -3.24) 
as8:vessa (2.85, -1.04) (0.95, -3.19) 
as9 (2.9, 2.61) (4.9, 5.61) 
as9 (4.85, 1.01) (6.75, 5.61) 
as9:vessa (2.9, 0.41) (4.75, 2.56) 
hallway (-7.85, -4.34) (-4.05, 0.21) 
hallway (-7.7, -6.29) (-6.45, -4.24) 
hallway (-4.0, -1.39) (0.8, 0.21) 
hallway (-3.05, 0.21) (0.95, 0.96) 
hallway (4.85, -1.24) (8.9, 0.91) 
siiv (-6.35, -6.24) (-4.1, -4.54) 
varasto (-3.85, -6.24) (-1.15, -1.54) 
