as10 (3.0, 5.61) (6.8, 2.61) 
as10 (6.8, 0.66) (4.85, 2.61) 
as10:Wc (4.75, 0.36) (2.95, 2.61) 
as11 (6.9, -1.59) (8.85, -6.24) 
as11 (8.95, -6.19) (10.85, -3.14) 
as11:Wc (8.9, -1.04) (10.95, -3.19) 
as12 (6.9, 5.66) (9.75, 0.76) 
as12 (9.8, 5.61) (11.6, 2.51) 
as12:wc (9.85, 0.41) (11.65, 2.46) 
as5 (-13.05, 5.61) (-10.0, 1.76) 
as5 (-10.0, 1.66) (-8.25, 3.86) 
as5 (-8.25, 2.26) (-8.0, 3.81) 
as5:wc (-9.85, 5.66) (-7.85, 3.86) 
as6 (-5.1, -6.24) (-1.1, -3.19) 
as6 (-3.0, -1.54) (-1.15, -3.14) 
as6:wc (-5.05, -1.04) (-3.15, -3.14) 
as7 (-1.0, -1.59) (0.85, -6.19) 
as7 (2.85, -6.24) (0.9, -3.19) 
as7:wc (2.85, -1.09) (0.95, -3.19) 
as8 (-1.05, 5.61) (0.9, 0.86) 
as8 (0.9, 5.61) (2.85, 2.56) 
as8:Wc (1.1, 0.36) (2.9, 2.61) 
as9 (2.9, -3.24) (6.75, -6.19) 
as9 (6.75, -1.64) (4.85, -3.19) 
as9:Wc (2.9, -1.04) (4.8, -3.19) 
hallway (-7.9, 3.46) (-5.0, -0.24) 
hallway (-7.75, 5.66) (-6.45, -0.84) 
hallway (-3.85, 0.81) (0.95, -0.89) 
hallway (-3.05, -1.49) (0.95, -0.89) 
hallway (4.85, 0.61) (8.85, -1.59) 
siiv (-6.4, 5.61) (-4.05, 3.86) 
varasto (-3.85, 5.61) (-1.15, 0.86) 
